
state={
	id=215
	name="STATE_215"
	resources={
		steel=30.000
	}

	history={
		owner = EUR
		buildings = {
			infrastructure = 2

		}
		add_core_of = EUR

	}

	provinces={
		3 18 26 36 40 80 86 89 90 92 94 127 134 138 155 157 170 176 197 2994 2998 3008 3033 3067 3071 3078 3133 3144 3187 3189 6021 6029 6052 6070 6090 6094 6096 6098 6109 6150 6153 6159 6172 6175 9045 9055 9074 9078 9118 9119 9158 9162 9176 9195 9198 9231 11045 11046 11054 11092 11094 11096 11146 11150 11156 11159 11175 11178 11181 11212 13130 
	}
	manpower=752022
	buildings_max_level_factor=1.000
	state_category=town
	local_supplies=0.000
}
